1,1075,280,2022-09-25
2,1020,493,2022-12-03
3,1064,501,2023-02-14
4,1027,367,2023-03-26
5,1066,118,2022-11-18
6,1076,125,2022-09-29
7,1028,225,2023-02-28
8,1081,171,2023-01-22
9,1034,320,2023-02-25
10,1052,157,2023-01-15
11,1027,446,2022-07-25
12,1037,126,2023-01-25
13,1001,197,2022-05-22
14,1026,221,2022-12-16
15,1002,353,2022-08-10
16,1019,514,2022-11-24
17,1072,214,2022-11-28
18,1064,388,2023-04-03
19,1060,204,2023-03-10
20,1025,129,2023-02-08
21,1047,90,2023-02-21
22,1077,440,2023-02-12
23,1020,407,2022-06-30
24,1091,149,2022-11-02
25,1088,342,2022-11-30
26,1071,224,2022-09-14
27,1065,361,2023-01-09
28,1062,533,2023-01-24
29,1078,328,2022-11-14
30,1023,352,2022-11-18
31,1025,314,2022-05-31
32,1018,52,2022-09-18
33,1083,178,2022-12-26
34,1047,438,2022-12-30
35,1037,242,2022-09-05
36,1059,254,2022-11-05
37,1023,169,2023-03-12
38,1011,459,2022-12-10
39,1035,531,2023-01-17
40,1065,342,2023-02-15
41,1002,540,2022-12-14
42,1041,442,2022-11-24
43,1056,483,2022-08-05
44,1006,426,2022-06-21
45,1035,456,2022-11-10
46,1091,365,2022-10-26
47,1097,464,2022-07-07
48,1066,337,2023-03-31
49,1035,425,2022-10-12
50,1063,279,2023-02-14
51,1007,70,2022-05-21
52,1054,319,2023-01-08
53,1076,260,2022-09-22
54,1087,65,2023-04-23
55,1076,404,2022-11-29
56,1094,169,2022-05-18
57,1062,506,2022-08-22
58,1041,543,2022-10-11
59,1082,409,2022-10-26
60,1028,326,2022-10-23
61,1014,181,2022-08-14
62,1077,470,2022-06-27
63,1044,441,2023-03-26
64,1047,471,2022-07-18
65,1012,65,2023-04-02
66,1019,470,2023-05-03
67,1076,269,2023-04-13
68,1043,365,2022-07-27
69,1060,526,2022-10-30
70,1047,228,2022-08-26
71,1063,544,2022-08-02
72,1063,71,2022-10-27
73,1045,246,2022-09-13
74,1015,255,2023-02-11
75,1026,535,2022-06-20
76,1037,241,2022-05-23
77,1032,201,2022-10-04
78,1072,473,2023-02-10
79,1071,435,2022-10-24
80,1028,462,2022-08-02
81,1047,296,2022-05-11
82,1002,455,2022-09-26
83,1048,246,2022-12-09
84,1012,373,2023-03-02
85,1016,92,2023-02-14
86,1022,88,2022-05-25
87,1011,254,2022-07-28
88,1062,342,2023-01-02
89,1036,443,2022-09-14
90,1050,517,2022-08-14
91,1044,474,2022-10-31
92,1063,542,2022-07-01
93,1073,203,2022-11-16
94,1044,519,2022-12-19
95,1022,511,2022-06-26
96,1088,446,2022-10-16
97,1018,458,2023-02-26
98,1009,137,2023-02-08
99,1074,466,2022-10-04
100,1044,61,2023-01-17
101,1067,90,2022-09-23
102,1003,346,2022-10-16
103,1043,451,2022-11-17
104,1048,134,2023-04-07
105,1019,223,2022-05-27
106,1091,419,2022-11-24
107,1029,206,2022-08-20
108,1071,452,2023-03-19
109,1071,157,2022-12-24
110,1004,282,2023-02-12
111,1098,292,2022-06-18
112,1032,244,2022-10-10
113,1083,382,2022-10-22
114,1091,275,2022-08-30
115,1064,90,2022-11-23
116,1093,357,2022-11-18
117,1044,337,2023-03-10
118,1065,520,2023-04-14
119,1019,212,2022-07-17
120,1093,288,2023-02-03
121,1081,391,2023-01-04
122,1020,474,2022-12-27
123,1086,419,2023-01-28
124,1089,390,2022-06-14
125,1010,157,2023-01-29
126,1014,451,2023-01-24
127,1081,549,2022-10-22
128,1027,531,2023-02-04
129,1017,453,2022-06-30
130,1033,516,2023-03-21
131,1016,292,2022-09-22
132,1060,397,2023-03-27
133,1007,274,2023-04-13
134,1005,68,2023-01-10
135,1008,118,2022-10-04
136,1080,359,2023-04-10
137,1016,290,2023-02-15
138,1051,413,2022-11-22
139,1042,104,2022-12-14
140,1023,528,2022-06-26
141,1077,125,2022-10-22
142,1084,430,2022-05-30
143,1024,250,2022-11-12
144,1045,204,2022-07-30
145,1024,405,2022-06-20
146,1019,263,2022-10-10
147,1096,366,2022-07-03
148,1032,91,2022-08-17
149,1022,444,2022-10-10
150,1077,213,2022-09-01
151,1047,134,2023-01-19
152,1022,152,2023-04-10
153,1022,247,2023-02-03
154,1069,365,2022-10-11
155,1029,306,2022-08-23
156,1090,272,2022-12-19
157,1080,236,2023-04-23
158,1075,147,2022-08-12
159,1028,87,2022-07-10
160,1039,258,2022-12-15
161,1007,448,2022-06-30
162,1081,420,2022-09-10
163,1021,106,2022-12-14
164,1027,150,2022-10-14
165,1048,252,2023-03-27
166,1088,434,2022-05-07
167,1002,369,2023-01-03
168,1027,356,2023-01-22
169,1087,87,2022-10-11
170,1052,79,2023-03-08
171,1038,264,2022-05-27
172,1012,531,2022-09-21
173,1099,96,2022-06-19
174,1081,129,2023-02-12
175,1070,414,2022-05-09
176,1000,544,2022-12-19
177,1088,56,2022-11-07
178,1075,333,2022-07-16
179,1056,328,2023-01-27
180,1098,501,2022-06-19
181,1074,492,2023-04-17
182,1089,224,2022-12-31
183,1031,335,2023-02-27
184,1094,471,2022-09-18
185,1042,337,2022-10-07
186,1017,175,2022-07-15
187,1057,278,2022-05-11
188,1038,66,2022-10-29
189,1016,141,2022-11-24
190,1057,200,2023-04-01
191,1032,491,2022-07-24
192,1039,93,2022-11-07
193,1090,177,2022-05-18
194,1031,491,2022-11-09
195,1078,458,2022-08-04
196,1044,320,2022-12-06
197,1023,157,2023-02-01
198,1089,243,2022-08-04
199,1029,469,2022-07-21
200,1015,483,2023-02-04
201,1050,371,2022-09-15
202,1088,151,2022-05-06
203,1053,198,2023-04-17
204,1099,360,2022-05-31
205,1026,141,2022-08-13
206,1052,58,2022-07-10
207,1077,425,2022-08-13
208,1060,395,2022-08-30
209,1075,137,2023-04-22
210,1094,505,2022-10-07
211,1037,74,2022-07-02
212,1046,52,2022-08-03
213,1060,529,2022-12-22
214,1025,93,2023-02-02
215,1020,343,2023-03-29
216,1077,154,2022-06-18
217,1041,458,2023-01-15
218,1064,490,2022-10-28
219,1035,468,2022-07-07
220,1002,124,2022-08-04
221,1044,422,2023-01-19
222,1020,474,2022-07-06
223,1094,56,2022-11-18
224,1081,75,2022-10-29
225,1008,227,2022-06-18
226,1051,416,2022-07-26
227,1025,438,2022-08-31
228,1022,283,2022-05-25
229,1085,423,2022-11-26
230,1049,468,2022-06-07
231,1034,448,2022-05-27
232,1076,89,2022-12-21
233,1089,527,2023-01-06
234,1029,346,2022-07-06
235,1046,398,2023-04-30
236,1038,169,2022-12-13
237,1094,413,2022-06-17
238,1057,496,2022-05-29
239,1027,236,2023-02-26
240,1074,374,2022-10-20
241,1080,185,2023-01-03
242,1076,376,2022-12-02
243,1017,385,2022-05-10
244,1015,50,2022-07-14
245,1035,497,2022-11-05
246,1089,370,2023-02-28
247,1082,184,2022-09-15
248,1021,156,2022-12-05
249,1094,307,2022-11-12
250,1001,472,2023-04-04
251,1038,55,2023-01-06
252,1053,486,2022-12-19
253,1050,151,2022-07-04
254,1055,249,2022-10-19
255,1020,530,2023-01-29
256,1021,260,2023-04-03
257,1097,366,2022-08-31
258,1089,324,2023-01-13
259,1009,124,2022-06-05
260,1006,260,2023-03-15
261,1091,189,2023-03-01
262,1081,194,2022-12-17
263,1078,384,2022-11-19
264,1013,76,2023-04-16
265,1026,183,2023-01-31
266,1097,221,2022-06-25
267,1062,201,2022-08-01
268,1013,278,2023-04-30
269,1040,402,2023-03-13
270,1066,59,2022-07-29
271,1078,508,2023-03-25
272,1044,456,2022-06-13
273,1095,153,2022-08-25
274,1053,378,2022-12-28
275,1050,87,2023-02-22
276,1021,425,2022-08-11
277,1055,295,2022-09-16
278,1019,302,2023-04-24
279,1024,238,2022-12-27
280,1055,224,2022-12-11
281,1034,487,2023-04-26
282,1092,298,2022-11-27
283,1008,128,2022-05-29
284,1041,426,2022-06-30
285,1052,434,2023-02-12
286,1094,53,2022-09-04
287,1068,352,2023-02-02
288,1062,139,2023-05-05
289,1000,191,2022-09-10
290,1018,156,2023-03-06
291,1077,156,2023-04-29
292,1007,444,2022-08-16
293,1019,247,2022-08-16
294,1064,293,2022-07-22
295,1061,241,2022-08-03
296,1063,487,2022-08-26
297,1052,323,2022-05-18
298,1006,400,2022-12-31
299,1024,154,2022-07-12
300,1011,53,2022-12-10
301,1074,324,2022-06-08
302,1099,396,2023-03-25
303,1016,182,2022-05-24
304,1014,357,2022-08-20
305,1030,102,2023-01-09
306,1040,62,2022-05-30
307,1010,428,2023-01-14
308,1048,462,2022-12-06
309,1015,388,2023-03-22
310,1087,311,2023-03-04
311,1038,357,2022-12-19
312,1078,477,2023-01-26
313,1072,312,2022-06-03
314,1065,104,2022-09-17
315,1071,231,2022-10-04
316,1029,415,2022-08-08
317,1037,215,2022-05-26
318,1030,125,2022-10-20
319,1006,371,2022-10-20
320,1021,520,2022-08-07
321,1046,57,2022-10-11
322,1002,414,2022-08-07
323,1078,459,2022-09-16
324,1087,220,2022-05-21
325,1060,91,2023-02-17
326,1043,64,2023-01-10
327,1070,360,2023-01-25
328,1036,174,2022-10-06
329,1024,200,2023-02-14
330,1003,326,2022-11-03
331,1018,56,2022-08-17
332,1035,477,2022-08-23
333,1022,165,2023-02-19
334,1080,114,2022-07-22
335,1010,505,2022-05-21
336,1069,371,2023-04-01
337,1042,382,2022-08-27
338,1035,535,2022-09-08
339,1007,371,2022-10-16
340,1079,278,2022-06-07
341,1045,523,2022-11-21
342,1040,241,2022-06-14
343,1076,129,2022-06-05
344,1088,247,2022-07-09
345,1001,312,2022-12-06
346,1018,393,2022-08-30
347,1043,519,2022-10-21
348,1057,230,2022-11-26
349,1061,225,2022-10-08
350,1037,76,2022-07-26
351,1071,249,2022-06-24
352,1063,88,2023-04-21
353,1088,169,2022-05-13
354,1055,501,2023-03-18
355,1022,332,2022-11-03
356,1081,237,2023-03-23
357,1009,342,2022-10-06
358,1006,339,2022-07-26
359,1081,156,2022-07-17
360,1009,73,2022-05-15
361,1087,171,2022-10-18
362,1074,154,2023-01-04
363,1051,117,2022-12-22
364,1040,127,2022-10-13
365,1010,100,2022-11-12
366,1041,325,2023-01-01
367,1059,424,2022-11-17
368,1036,235,2023-02-11
369,1028,217,2023-03-02
370,1079,93,2023-03-11
371,1078,372,2022-08-31
372,1059,346,2023-01-23
373,1014,457,2023-02-12
374,1080,499,2022-05-23
375,1091,69,2023-02-02
376,1017,425,2022-07-24
377,1080,96,2023-01-18
378,1007,311,2022-08-23
379,1039,501,2022-06-14
380,1087,461,2023-01-21
381,1068,65,2022-06-15
382,1047,245,2022-05-24
383,1047,440,2023-04-13
384,1003,300,2022-09-12
385,1015,501,2023-02-07
386,1036,216,2022-10-27
387,1085,380,2022-12-12
388,1051,480,2023-04-04
389,1026,438,2023-02-28
390,1023,292,2022-09-20
391,1020,471,2023-02-10
392,1058,101,2022-09-22
393,1077,549,2022-07-31
394,1027,202,2023-01-21
395,1003,437,2022-12-11
396,1084,332,2022-09-20
397,1027,197,2022-12-04
398,1012,475,2022-09-02
399,1065,481,2022-09-21
400,1049,293,2023-03-01
401,1034,68,2022-11-26
402,1066,103,2023-02-02
403,1049,187,2022-07-25
404,1002,467,2022-06-09
405,1050,395,2022-06-03
406,1083,321,2022-09-15
407,1009,474,2023-04-14
408,1092,310,2022-12-11
409,1001,393,2022-10-16
410,1056,465,2022-07-20
411,1086,151,2023-04-21
412,1033,431,2022-07-15
413,1010,538,2022-09-28
414,1086,226,2023-02-18
415,1073,242,2022-12-04
416,1065,522,2022-10-14
417,1011,57,2023-03-04
418,1025,371,2022-08-18
419,1044,246,2023-01-23
420,1097,310,2023-04-30
421,1007,275,2022-06-27
422,1097,171,2022-05-15
423,1001,291,2022-07-13
424,1030,303,2022-07-31
425,1035,524,2022-08-16
426,1074,202,2023-03-01
427,1066,314,2022-11-15
428,1074,428,2023-02-21
429,1034,242,2022-05-28
430,1011,161,2023-01-29
431,1004,389,2022-07-28
432,1058,326,2022-07-11
433,1031,317,2022-05-11
434,1061,439,2022-12-03
435,1035,476,2022-11-26
436,1007,143,2022-09-12
437,1092,398,2022-07-21
438,1062,424,2023-03-07
439,1094,190,2023-04-28
440,1072,467,2023-04-20
441,1023,412,2023-04-26
442,1024,88,2023-03-12
443,1049,279,2022-11-24
444,1019,290,2022-11-30
445,1095,136,2022-07-20
446,1015,92,2023-01-08
447,1094,508,2023-03-04
448,1097,248,2023-04-09
449,1001,254,2022-10-09
450,1025,291,2022-05-18
451,1016,71,2022-06-07
452,1005,539,2023-02-06
453,1013,53,2022-07-05
454,1026,507,2022-10-18
455,1070,305,2022-10-20
456,1034,97,2023-01-14
457,1097,240,2022-08-12
458,1084,351,2022-11-13
459,1068,89,2022-05-08
460,1098,258,2023-04-06
461,1023,528,2022-09-16
462,1054,151,2023-01-31
463,1049,348,2023-03-09
464,1098,314,2023-03-25
465,1050,346,2022-12-26
466,1032,475,2023-03-30
467,1063,264,2023-01-17
468,1007,339,2022-10-18
469,1087,307,2022-05-15
470,1061,218,2023-04-29
471,1069,103,2022-07-27
472,1093,180,2023-03-08
473,1045,520,2023-01-06
474,1033,184,2022-05-09
475,1034,95,2022-11-07
476,1082,492,2022-12-05
477,1041,363,2023-02-01
478,1019,139,2022-06-26
479,1093,487,2023-04-09
480,1079,79,2022-12-27
481,1044,488,2022-08-09
482,1007,384,2022-11-21
483,1034,143,2023-01-30
484,1060,367,2023-01-28
485,1031,120,2023-05-05
486,1004,426,2022-06-17
487,1038,412,2022-05-08
488,1049,516,2022-08-26
489,1093,501,2022-10-31
490,1085,406,2022-08-19
491,1021,97,2022-08-25
492,1048,215,2022-05-24
493,1053,514,2023-03-29
494,1060,289,2023-04-06
495,1023,171,2023-03-09
496,1059,483,2022-06-08
497,1069,317,2022-08-01
498,1094,448,2023-01-29
499,1087,529,2022-11-29
500,1031,442,2023-04-11
501,1074,61,2022-11-22
502,1084,264,2022-08-25
503,1046,134,2022-07-09
504,1001,380,2022-08-08
505,1040,324,2022-10-14
506,1043,492,2022-05-18
507,1067,511,2022-07-05
508,1095,187,2022-06-28
509,1082,186,2023-01-10
510,1011,185,2023-01-08
511,1063,544,2023-03-20
512,1095,465,2022-11-26
513,1012,406,2022-09-01
514,1081,173,2022-07-05
515,1006,353,2022-05-11
516,1049,311,2022-09-23
517,1032,252,2022-05-31
518,1096,325,2022-07-31
519,1022,349,2022-05-31
520,1049,316,2022-07-28
521,1023,388,2022-05-08
522,1012,453,2023-04-08
523,1030,321,2022-10-30
524,1082,203,2022-09-10
525,1028,467,2022-06-13
526,1044,541,2023-04-15
527,1005,431,2023-01-08
528,1057,381,2023-02-09
529,1022,57,2022-05-28
530,1096,102,2023-01-05
531,1078,303,2023-02-09
532,1025,425,2022-11-30
533,1015,75,2023-05-03
534,1029,84,2022-07-07
535,1083,369,2022-10-04
536,1055,112,2022-06-26
537,1009,328,2022-08-16
538,1057,382,2022-11-15
539,1019,90,2022-06-24
540,1069,223,2023-03-17
541,1001,341,2022-12-14
542,1086,536,2023-01-25
543,1078,172,2022-12-17
544,1028,444,2022-09-07
545,1047,286,2022-07-13
546,1032,387,2023-04-23
547,1066,542,2023-01-15
548,1058,224,2022-09-01
549,1021,226,2022-10-02
550,1068,202,2022-06-04
551,1007,94,2023-04-25
552,1042,311,2022-05-09
553,1027,369,2022-12-05
554,1020,407,2022-12-26
555,1045,493,2022-06-09
556,1011,543,2022-07-07
557,1042,180,2022-08-22
558,1071,452,2022-08-29
559,1022,62,2022-12-30
560,1058,183,2023-02-06
561,1079,367,2022-07-12
562,1084,162,2022-08-24
563,1075,59,2022-05-18
564,1013,519,2022-07-10
565,1055,429,2022-07-09
566,1066,499,2022-10-17
567,1058,320,2022-12-24
568,1051,145,2022-08-09
569,1077,99,2022-06-23
570,1035,467,2023-02-22
571,1021,471,2022-10-27
572,1064,382,2022-08-17
573,1009,517,2023-03-11
574,1053,193,2022-08-25
575,1059,544,2023-04-16
576,1025,214,2022-07-26
577,1029,483,2022-12-21
578,1040,493,2022-07-31
579,1051,273,2022-07-24
580,1014,95,2023-01-14
581,1065,432,2022-09-24
582,1039,495,2023-03-27
583,1075,74,2023-04-19
584,1087,331,2023-02-04
585,1076,437,2022-06-26
586,1061,127,2022-12-04
587,1099,93,2022-08-19
588,1082,478,2022-12-01
589,1012,413,2023-04-06
590,1009,442,2023-02-08
591,1077,162,2023-01-25
592,1015,539,2022-11-05
593,1005,213,2022-08-30
594,1036,503,2022-11-30
595,1090,314,2022-06-01
596,1065,131,2022-07-15
597,1031,488,2022-05-10
598,1030,402,2022-05-29
599,1047,125,2022-10-08
600,1018,235,2022-09-11
601,1002,262,2022-12-06
602,1011,323,2023-02-17
603,1038,548,2023-01-25
604,1037,278,2022-10-21
605,1078,358,2023-01-10
606,1010,102,2022-05-15
607,1065,499,2022-08-07
608,1039,432,2023-04-14
609,1096,377,2023-05-02
610,1082,215,2022-09-17
611,1091,168,2022-12-03
612,1057,117,2022-05-27
613,1097,332,2022-10-28
614,1014,167,2022-07-20
615,1001,192,2022-12-13
616,1035,512,2022-10-11
617,1023,424,2022-06-11
618,1037,443,2022-07-15
619,1014,106,2023-04-09
620,1094,118,2022-09-26
621,1010,330,2023-03-04
622,1086,200,2022-06-26
623,1092,56,2022-08-15
624,1025,385,2022-06-12
625,1012,234,2022-09-12
626,1074,307,2023-04-15
627,1090,315,2022-07-08
628,1035,376,2022-10-25
629,1004,502,2022-10-06
630,1026,191,2022-07-19
631,1075,148,2022-12-15
632,1099,326,2022-10-25
633,1038,123,2022-06-07
634,1004,314,2023-04-09
635,1006,156,2022-08-06
636,1038,518,2022-12-26
637,1056,397,2022-07-02
638,1090,57,2023-04-17
639,1017,219,2023-04-30
640,1097,425,2023-02-09
641,1061,403,2022-12-12
642,1086,228,2023-02-16
643,1090,295,2022-06-07
644,1006,328,2023-01-10
645,1004,494,2023-04-16
646,1074,209,2023-02-12
647,1032,254,2022-10-07
648,1026,74,2023-01-16
649,1053,440,2023-02-19
650,1026,198,2023-03-24
651,1075,507,2023-01-20
652,1096,176,2022-05-17
653,1027,281,2022-12-07
654,1033,264,2022-05-23
655,1070,91,2022-08-09
656,1024,386,2023-01-05
657,1058,332,2023-01-04
658,1005,299,2022-09-06
659,1029,155,2022-07-06
660,1016,446,2022-07-04
661,1098,356,2022-12-12
662,1001,485,2022-10-08
663,1070,220,2022-08-07
664,1062,377,2023-02-13
665,1031,385,2023-01-15
666,1081,123,2023-04-29
667,1079,435,2022-07-11
668,1006,353,2022-07-26
669,1043,377,2022-12-01
670,1011,385,2022-12-25
671,1071,361,2023-03-13
672,1061,297,2023-04-23
673,1023,441,2022-07-13
674,1060,461,2023-04-07
675,1006,259,2022-07-27
676,1031,120,2023-04-09
677,1057,162,2023-04-27
678,1049,57,2022-09-21
679,1000,92,2023-01-28
680,1042,284,2022-05-06
681,1064,65,2022-11-10
682,1030,112,2022-06-12
683,1016,142,2022-12-18
684,1017,350,2022-08-10
685,1031,366,2022-05-17
686,1072,492,2023-01-07
687,1070,492,2022-11-13
688,1049,93,2022-11-22
689,1093,222,2022-12-30
690,1059,374,2022-12-06
691,1069,360,2023-03-08
692,1016,388,2022-11-14
693,1040,161,2022-07-23
694,1061,507,2022-06-28
695,1028,520,2022-09-25
696,1069,514,2023-01-07
697,1094,220,2022-06-01
698,1062,417,2023-04-07
699,1082,499,2023-02-23
700,1099,538,2022-11-10
701,1009,132,2023-02-04
702,1068,363,2023-01-09
703,1002,254,2022-08-08
704,1098,331,2022-06-05
705,1029,175,2022-06-02
706,1069,312,2022-08-23
707,1011,380,2022-05-21
708,1059,80,2023-01-12
709,1003,382,2022-08-04
710,1017,66,2022-09-20
711,1048,120,2022-11-10
712,1046,162,2023-03-15
713,1017,83,2022-08-15
714,1004,534,2023-02-04
715,1083,428,2023-04-23
716,1075,66,2022-12-26
717,1018,514,2022-10-02
718,1060,153,2022-12-11
719,1099,477,2023-03-29
720,1033,437,2022-12-27
721,1093,535,2023-03-23
722,1026,500,2022-11-01
723,1016,298,2022-07-27
724,1003,111,2022-10-27
725,1082,131,2023-01-21
726,1044,214,2023-03-04
727,1072,368,2022-10-05
728,1043,542,2023-01-23
729,1085,274,2022-08-06
730,1034,410,2022-11-04
731,1097,213,2022-12-21
732,1084,85,2022-12-24
733,1015,83,2023-02-27
734,1085,427,2022-07-09
735,1054,101,2022-08-11
736,1019,254,2023-04-07
737,1095,372,2022-07-13
738,1082,449,2022-10-03
739,1031,409,2023-02-12
740,1063,535,2023-01-08
741,1052,308,2023-02-27
742,1066,171,2023-03-24
743,1050,222,2023-03-02
744,1025,166,2023-04-07
745,1056,531,2022-05-22
746,1012,65,2023-02-02
747,1037,510,2022-08-31
748,1044,395,2022-07-24
749,1039,527,2023-01-24
750,1040,524,2023-04-20
751,1039,428,2022-09-03
752,1072,410,2022-11-25
753,1025,82,2022-11-28
754,1083,457,2022-05-16
755,1088,237,2023-01-07
756,1084,374,2022-05-26
757,1087,72,2022-09-22
758,1006,119,2022-12-14
759,1003,247,2023-03-24
760,1076,191,2023-02-14
761,1046,486,2023-02-12
762,1084,254,2023-03-14
763,1009,402,2022-12-14
764,1091,109,2023-01-11
765,1024,465,2022-05-19
766,1002,432,2022-12-21
767,1058,223,2023-01-27
768,1055,382,2022-08-19
769,1089,66,2022-05-19
770,1080,274,2023-01-20
771,1077,79,2023-02-22
772,1021,346,2022-10-14
773,1002,164,2023-04-21
774,1084,285,2022-07-11
775,1070,268,2022-12-27
776,1081,135,2023-03-19
777,1075,249,2022-08-04
778,1026,249,2022-11-05
779,1091,197,2022-11-20
780,1014,488,2022-08-07
781,1085,501,2023-04-08
782,1041,355,2022-09-02
783,1028,491,2022-11-22
784,1064,185,2023-04-28
785,1029,210,2022-06-28
786,1050,268,2023-01-11
787,1093,72,2022-09-26
788,1028,493,2022-05-06
789,1094,121,2023-01-13
790,1051,371,2022-08-01
791,1032,130,2022-10-25
792,1054,196,2022-10-11
793,1023,488,2022-11-06
794,1048,319,2022-06-30
795,1069,406,2022-08-24
796,1081,339,2023-03-03
797,1033,436,2022-05-11
798,1007,361,2022-06-18
799,1015,103,2022-07-28
800,1086,403,2022-08-27
801,1032,219,2022-09-30
802,1088,388,2023-03-08
803,1091,389,2022-12-07
804,1042,281,2023-01-29
805,1003,184,2022-06-16
806,1071,305,2022-08-06
807,1050,254,2022-08-04
808,1075,302,2023-02-14
809,1073,385,2022-10-24
810,1032,280,2023-02-08
811,1010,112,2022-10-05
812,1055,380,2022-05-07
813,1046,284,2023-01-20
814,1084,93,2022-07-11
815,1059,418,2022-09-17
816,1029,338,2023-03-07
817,1041,169,2023-03-16
818,1004,404,2022-07-14
819,1063,89,2022-07-27
820,1022,173,2022-08-09
821,1049,529,2023-01-25
822,1028,397,2022-10-31
823,1067,215,2023-02-25
824,1028,365,2022-09-14
825,1071,503,2022-07-23
826,1063,204,2022-06-09
827,1089,549,2022-11-15
828,1085,260,2023-02-05
829,1043,280,2022-07-22
830,1059,238,2022-09-05
831,1087,380,2022-10-17
832,1092,423,2022-05-17
833,1054,364,2022-06-16
834,1002,75,2022-08-22
835,1066,156,2022-08-01
836,1049,532,2022-10-03
837,1007,541,2023-02-21
838,1036,537,2022-09-30
839,1099,310,2022-09-22
840,1099,231,2022-05-18
841,1005,473,2023-02-12
842,1077,179,2022-07-13
843,1079,234,2022-11-04
844,1072,225,2022-06-17
845,1006,249,2022-07-15
846,1058,65,2023-03-16
847,1070,349,2022-10-17
848,1039,447,2023-01-23
849,1014,207,2022-12-31
850,1001,275,2022-09-09
851,1026,181,2022-06-04
852,1048,52,2022-11-05
853,1063,318,2022-07-28
854,1034,362,2022-05-23
855,1021,446,2023-01-17
856,1092,273,2023-04-13
857,1033,116,2023-03-19
858,1043,359,2022-06-23
859,1056,431,2023-03-10
860,1080,323,2022-11-27
861,1004,543,2023-04-25
862,1023,216,2022-11-10
863,1014,88,2022-11-24
864,1095,78,2022-11-23
865,1066,461,2023-05-04
866,1030,106,2023-01-30
867,1094,296,2022-10-19
868,1078,143,2022-07-11
869,1017,497,2022-12-17
870,1053,513,2022-05-25
871,1006,265,2022-11-14
872,1082,481,2023-03-02
873,1036,248,2023-03-08
874,1087,326,2023-03-12
875,1017,406,2023-01-27
876,1046,184,2022-11-13
877,1087,215,2023-01-27
878,1001,498,2022-08-05
879,1086,354,2022-12-23
880,1013,277,2022-10-17
881,1099,381,2023-01-15
882,1045,290,2022-12-26
883,1001,172,2022-07-14
884,1085,270,2022-06-22
885,1019,529,2023-01-11
886,1078,258,2022-08-17
887,1040,390,2023-01-02
888,1078,481,2023-02-15
889,1046,253,2023-01-17
890,1042,479,2022-09-30
891,1085,540,2022-05-31
892,1059,111,2022-05-14
893,1034,125,2023-03-11
894,1084,277,2023-04-08
895,1080,417,2023-03-17
896,1082,400,2022-10-12
897,1070,440,2023-03-27
898,1011,68,2022-11-13
899,1021,181,2022-09-21
900,1057,399,2022-07-01
901,1005,185,2023-01-09
902,1020,305,2022-05-23
903,1026,371,2022-09-20
904,1071,85,2022-12-13
905,1050,280,2022-08-06
906,1012,326,2023-02-23
907,1096,377,2022-06-13
908,1003,549,2023-04-17
909,1082,526,2022-07-26
910,1010,528,2022-09-06
911,1001,357,2022-11-19
912,1090,396,2022-07-22
913,1081,116,2022-08-07
914,1038,457,2022-09-03
915,1097,476,2022-11-19
916,1081,338,2023-04-23
917,1084,285,2022-10-10
918,1065,440,2022-06-28
919,1049,196,2023-03-23
920,1092,231,2022-08-29
921,1042,93,2023-01-15
922,1032,322,2023-02-11
923,1055,356,2023-04-18
924,1022,191,2022-09-01
925,1022,378,2022-07-12
926,1008,210,2022-11-12
927,1054,160,2023-04-16
928,1004,51,2022-06-12
929,1019,312,2022-10-07
930,1038,109,2023-04-23
931,1028,358,2023-01-03
932,1054,69,2023-04-06
933,1017,450,2022-11-05
934,1047,378,2022-05-12
935,1076,370,2023-02-25
936,1062,106,2023-02-06
937,1085,257,2023-04-29
938,1002,548,2022-12-30
939,1066,96,2022-07-27
940,1009,359,2022-10-05
941,1076,70,2022-06-08
942,1087,269,2022-08-05
943,1001,321,2023-05-01
944,1003,363,2023-02-13
945,1036,401,2022-09-02
946,1054,166,2022-09-02
947,1060,295,2023-02-17
948,1094,191,2023-01-03
949,1020,92,2022-11-23
950,1069,293,2023-01-24
951,1042,450,2023-01-09
952,1044,254,2022-05-10
953,1084,111,2022-09-09
954,1002,474,2023-02-01
955,1096,176,2022-10-12
956,1064,168,2022-05-17
957,1066,389,2023-05-01
958,1070,133,2022-08-09
959,1059,380,2022-08-03
960,1034,86,2022-12-03
961,1048,256,2022-09-18
962,1051,446,2023-04-22
963,1019,230,2022-07-08
964,1090,55,2022-05-18
965,1085,318,2022-05-29
966,1085,296,2022-12-07
967,1050,208,2022-07-02
968,1079,516,2022-10-17
969,1037,475,2022-09-08
970,1066,98,2022-06-30
971,1013,196,2022-08-04
972,1001,287,2023-01-21
973,1043,520,2022-06-28
974,1005,148,2022-11-20
975,1083,323,2022-06-11
976,1030,272,2022-06-21
977,1053,322,2022-10-13
978,1071,122,2023-01-12
979,1079,220,2022-08-25
980,1067,106,2022-10-01
981,1026,282,2023-03-04
982,1055,177,2022-11-18
983,1078,421,2022-07-19
984,1001,106,2022-12-16
985,1000,113,2023-03-24
986,1022,490,2022-08-07
987,1098,164,2023-03-21
988,1095,412,2023-01-01
989,1000,61,2023-01-09
990,1066,163,2022-12-25
991,1070,387,2023-04-03
992,1094,215,2023-05-01
993,1022,172,2022-10-06
994,1049,154,2023-04-19
995,1028,389,2022-07-13
996,1080,513,2023-01-31
997,1094,252,2022-10-12
998,1023,241,2022-11-17
999,1058,267,2022-05-16
1000,1008,263,2022-11-13